x <- 6
x + 2
y <- 12
x + y
