x <- 6
x + 2